111111111111111 32767 0
100000000000001 16385 16382
101000000000101 20485 12282
100100000001001 18441 14326
100010000010001 17425 15342
100001000100001 16929 15838
100000000000001 16385 16382
100000000000001 16385 16382
100000000000001 16385 16382
100000000000001 16385 16382
100010000100001 17441 15326
100101001010001 19025 13742
101000110001001 20873 11894
110000000000101 24581 8186
100000000000001 16385 16382
111111111111111 32767 0
1766820107505941430225104702882237304653493517799394670842562904489787391
